5
50
2
0.600000
4.0296 5.0000 3.0038 5.0006 4.0272 
15
0 1 2 3 4 5 6 7 8 9 10 11 12 13 14 
0.018870	0.055580	0.120232	0.191022	0.222897	0.191022	0.120232	0.055580	0.018870	0.004705	0.000862	0.000116	0.000011	0.000001	0.000000	
0.000169	0.002526	0.020698	0.092975	0.228999	0.309260	0.228999	0.092975	0.020698	0.002526	0.000169	0.000006	0.000000	0.000000	0.000000	
0.012147	0.077867	0.237400	0.344237	0.237400	0.077867	0.012147	0.000901	0.000032	0.000001	0.000000	0.000000	0.000000	0.000000	0.000000	
0.001028	0.007598	0.035997	0.109350	0.212985	0.265987	0.212985	0.109350	0.035997	0.007598	0.001028	0.000089	0.000005	0.000000	0.000000	
0.018038	0.054443	0.119844	0.192408	0.225298	0.192408	0.119844	0.054443	0.018038	0.004359	0.000768	0.000099	0.000009	0.000001	0.000000	
1000
1 0 3 4 1 0 2 0 0 1 2 0 1 1 0 2 2 2 1 2 1 1 0 1 1 1 0 2 1 1 5 2 0 3 1 2 4 0 0 3 0 2 3 1 4 2 2 1 1 2 2 4 0 0 0 2 0 1 1 2 2 0 2 1 0 3 0 1 1 0 3 2 0 0 0 1 2 1 2 0 2 0 2 0 1 3 1 1 0 0 2 1 2 0 1 0 1 2 2 1 0 2 1 3 2 0 2 5 0 3 1 0 1 1 1 3 0 1 2 0 1 2 2 0 2 1 4 0 3 4 3 4 1 2 0 3 2 0 1 1 1 1 2 1 4 2 1 3 2 3 1 0 2 1 0 1 4 2 2 2 0 0 3 0 0 1 1 1 1 1 1 3 0 3 0 0 2 1 2 1 1 2 0 2 3 2 1 3 0 0 0 1 0 1 2 2 2 3 1 2 2 1 2 2 3 0 1 0 2 3 2 0 3 3 1 0 1 2 3 0 0 1 0 0 2 1 1 0 1 4 1 3 2 4 1 3 1 1 1 2 0 3 0 3 3 3 0 3 1 3 1 1 2 2 2 2 5 4 1 0 2 2 2 3 1 0 1 3 0 3 2 2 1 6 3 0 2 0 0 2 0 3 3 1 1 0 0 5 2 1 3 3 0 1 2 2 0 3 2 0 0 0 0 2 3 0 3 0 2 4 0 1 0 1 1 0 0 2 1 0 2 0 2 0 0 1 2 1 3 1 0 3 0 0 3 0 2 2 1 4 3 1 1 1 1 2 4 2 0 2 1 0 1 1 2 1 2 3 0 3 3 1 1 1 3 4 1 4 4 1 3 5 1 1 2 1 0 2 1 1 3 1 1 0 3 2 3 2 0 0 1 0 2 0 2 2 1 2 0 1 1 0 4 1 0 4 1 1 1 3 4 1 1 1 2 0 2 1 4 0 0 4 3 2 2 1 0 0 3 0 1 2 1 1 2 4 1 1 3 1 2 3 3 1 0 1 2 2 2 2 0 0 3 3 0 1 1 4 1 2 2 1 2 1 3 0 2 1 3 0 0 1 2 2 0 2 0 1 3 1 0 0 0 3 1 1 1 1 1 3 0 1 0 1 1 0 1 2 2 3 0 1 0 4 4 2 1 0 1 1 1 1 2 0 2 0 2 2 0 1 4 1 2 2 3 0 3 4 1 1 2 5 3 4 1 0 0 2 1 2 2 3 1 1 0 1 0 1 4 2 0 2 0 1 4 2 1 1 2 3 2 0 2 0 1 2 3 2 2 1 1 2 2 2 1 1 0 2 0 0 1 3 1 1 0 4 1 0 0 1 1 3 1 6 1 1 1 2 0 1 2 1 3 2 1 1 5 0 1 4 1 3 1 0 2 14 3 1 0 1 0 0 0 1 1 1 0 0 0 1 1 2 2 0 2 0 0 4 1 2 2 0 2 3 2 1 0 0 1 0 2 2 3 2 1 0 0 2 3 2 1 3 3 2 1 0 5 0 1 0 1 2 2 0 3 2 2 2 0 2 2 2 2 2 3 0 0 2 0 2 1 5 2 3 2 0 0 2 2 4 2 1 1 0 1 0 1 1 2 0 1 2 1 1 1 1 2 1 4 2 4 1 1 0 3 1 3 3 1 1 2 3 2 1 2 1 0 1 2 4 2 3 1 2 0 1 1 2 1 1 1 1 4 0 1 2 2 1 0 3 4 1 4 1 0 1 2 3 2 1 1 1 1 1 1 1 0 2 0 2 0 3 1 1 0 1 0 3 0 0 0 0 2 0 2 0 0 4 0 3 2 1 1 1 1 1 3 2 2 3 2 2 1 3 2 3 0 2 2 2 3 1 0 2 0 1 1 2 3 0 0 3 2 1 2 2 1 2 3 1 3 4 3 0 4 1 1 3 0 2 2 1 2 2 2 1 1 1 1 3 4 1 3 0 2 2 2 2 2 1 3 1 3 1 1 1 1 2 0 3 0 0 0 2 1 1 0 0 3 2 1 0 1 1 2 2 2 2 0 2 3 0 2 1 0 0 3 2 3 2 0 0 3 3 0 1 1 5 2 2 0 0 1 1 2 3 3 2 2 1 2 3 0 0 2 0 0 0 1 1 0 1 2 1 0 0 1 1 2 3 0 4 2 1 0 0 1 1 3 0 2 0 2 3 3 0 1 0 0 3 2 2 3 1 2 4 0 0 0 2 5 1 0 1 1 3 0 1 1 2 0 2 3 0 1 1 0 3 0 2 
7 2 1 3 5 0 1 1 4 1 2 8 4 1 0 5 1 5 0 0 6 1 6 1 1 1 4 2 3 2 0 2 1 2 0 1 4 4 3 1 5 2 6 2 6 4 1 8 1 1 1 3 7 6 2 2 6 5 5 4 4 3 3 4 2 1 2 1 3 0 5 6 3 5 5 2 1 14 2 2 10 4 0 1 5 1 1 2 3 0 8 3 4 4 2 3 4 1 2 3 3 5 2 3 4 5 2 12 5 4 4 4 0 1 2 0 3 6 3 3 1 2 6 5 1 0 9 1 2 1 2 3 5 2 1 0 4 2 2 2 2 2 2 7 1 4 8 2 3 7 5 6 2 0 4 1 2 5 1 5 0 2 5 1 1 3 1 2 5 0 1 5 4 0 4 4 0 1 2 4 1 0 4 3 5 2 4 2 4 3 6 2 2 2 3 2 2 1 5 2 3 3 5 0 2 3 0 4 2 2 3 5 0 7 3 0 6 4 2 2 0 1 1 0 1 1 2 2 4 3 3 0 5 0 1 2 2 0 1 3 1 8 0 1 0 5 2 4 6 4 0 3 0 2 0 2 1 4 1 3 2 1 1 3 3 3 4 1 1 1 4 5 4 4 8 6 0 1 1 1 3 2 0 4 5 1 5 6 2 3 4 1 2 4 1 5 1 1 2 1 1 1 3 3 3 5 0 4 1 1 1 4 0 6 3 3 3 2 3 2 2 2 4 8 0 4 3 0 1 3 0 5 2 3 1 4 7 0 5 2 4 5 1 2 0 0 3 5 4 4 3 1 0 6 3 4 2 3 5 0 3 2 4 2 0 7 2 0 0 6 0 2 4 5 5 3 2 1 3 6 3 2 1 2 1 3 1 4 2 0 2 0 1 0 6 1 6 3 1 3 5 3 2 7 5 1 3 0 4 1 3 4 4 5 6 3 9 5 1 1 2 1 1 2 0 2 3 0 2 0 4 4 0 3 0 2 0 1 7 4 3 3 5 4 5 1 2 4 5 4 5 2 0 7 0 1 5 3 5 3 1 4 4 2 2 3 3 6 3 0 4 0 2 2 0 0 7 0 4 3 1 2 0 0 2 1 2 4 0 3 6 9 4 3 5 7 0 8 13 0 4 0 6 1 6 0 3 6 5 1 4 0 0 2 1 7 4 0 6 1 5 3 0 1 0 4 2 2 0 2 3 6 1 3 3 7 3 0 0 5 1 0 6 4 5 3 4 0 3 6 3 2 4 1 1 3 2 1 2 1 6 2 3 3 3 3 5 4 4 4 8 0 2 4 2 1 1 7 6 3 0 5 1 0 4 5 3 4 3 0 7 7 3 3 7 4 1 4 2 1 2 2 7 1 4 4 0 2 3 4 0 1 2 2 4 7 1 1 0 5 3 2 4 3 0 3 4 4 3 0 4 0 3 2 0 5 1 0 3 1 3 0 2 5 6 3 2 4 1 1 2 1 3 9 1 3 4 1 3 5 2 5 4 1 1 3 6 3 7 3 0 6 2 2 2 3 3 2 1 1 4 3 3 2 4 2 4 2 4 2 4 1 5 5 1 6 1 1 0 3 0 4 5 2 4 0 2 2 5 2 2 5 0 1 2 1 3 2 0 1 3 1 3 5 3 2 3 4 2 5 4 5 6 4 2 3 3 1 1 0 6 2 1 2 0 5 5 2 2 5 3 0 3 3 1 2 5 0 2 4 4 1 4 6 2 1 1 3 1 2 3 1 3 4 6 5 3 1 2 4 7 2 2 1 5 6 5 0 1 1 3 2 4 1 0 2 4 0 2 2 3 4 5 7 1 2 0 4 2 5 2 4 4 3 6 0 3 4 3 5 1 4 2 0 2 2 1 2 0 3 3 1 2 2 0 4 2 3 1 3 0 6 2 3 1 2 2 5 3 5 1 6 1 4 3 3 3 5 4 4 2 2 2 4 0 1 2 5 6 3 1 6 2 3 1 3 2 7 3 2 0 3 3 1 3 0 3 1 3 5 3 1 4 2 6 3 5 6 5 2 1 3 6 4 3 2 1 7 2 3 6 0 1 0 0 4 4 0 4 0 7 3 0 8 3 0 3 1 0 4 5 0 8 4 0 4 3 3 5 2 1 2 2 7 3 3 1 3 6 0 6 2 3 0 0 6 3 4 2 5 1 1 0 3 2 1 5 0 0 4 4 3 4 4 3 3 2 1 4 3 1 2 2 5 3 0 4 2 2 5 1 2 4 2 2 1 3 0 1 0 
3 2 1 0 2 1 4 3 3 1 1 1 3 2 0 0 2 2 2 5 2 2 3 3 1 1 4 3 1 1 3 4 4 3 1 3 1 2 2 1 5 2 3 2 1 0 1 3 2 1 2 5 1 0 2 1 3 2 2 2 0 3 0 3 0 2 3 2 4 1 1 1 3 3 2 3 2 2 5 4 3 2 2 5 1 0 1 1 1 2 1 3 2 3 3 2 3 2 2 3 3 2 3 0 2 3 3 3 4 3 2 2 1 4 4 4 1 2 2 3 3 3 1 2 0 3 5 1 1 2 2 2 2 0 2 3 4 1 2 3 3 1 1 2 2 4 5 2 1 3 2 3 2 1 2 3 4 1 2 4 2 2 4 1 2 1 4 2 1 0 2 2 1 0 2 1 4 2 2 0 1 1 1 2 2 3 4 2 3 2 2 0 1 3 3 1 1 2 1 3 2 1 1 3 3 4 1 3 1 3 2 3 1 1 2 2 1 4 1 1 2 2 2 2 3 1 4 4 1 0 2 3 2 2 0 2 2 1 1 5 4 1 3 2 2 2 0 0 3 1 4 3 2 1 3 2 0 2 3 0 1 2 2 3 1 0 1 3 1 3 4 1 2 2 1 3 2 4 1 3 2 3 2 3 2 1 0 3 3 3 3 4 1 2 1 2 3 2 2 2 2 3 2 2 3 2 0 3 3 3 3 0 2 4 1 2 0 2 2 5 0 3 1 4 3 3 3 2 1 1 2 4 4 3 1 1 3 3 1 3 2 3 3 3 4 4 2 4 3 6 4 4 1 1 1 1 3 2 1 1 1 1 3 3 3 2 3 3 3 2 0 3 2 4 3 2 3 1 3 2 3 3 4 3 1 1 3 3 3 1 0 3 1 1 4 3 1 3 1 1 2 3 1 4 2 0 2 3 3 2 1 4 3 2 2 5 2 2 2 1 0 4 2 2 2 1 4 1 1 3 1 3 2 4 1 3 0 1 1 3 5 5 2 3 3 3 3 1 1 4 5 3 0 2 1 2 3 3 2 1 2 0 0 5 0 3 2 2 2 1 2 2 3 2 4 2 2 2 2 3 2 1 2 1 3 3 2 2 1 4 1 3 0 1 2 3 2 2 4 3 2 2 1 0 3 2 2 2 3 0 1 3 1 1 3 1 2 4 3 1 3 1 1 0 3 2 3 0 3 2 3 2 0 2 0 4 0 1 4 0 0 0 2 1 1 1 3 2 0 2 1 5 0 4 1 4 1 1 2 2 1 2 3 2 0 2 4 3 2 2 3 2 3 2 4 2 3 3 2 2 0 1 1 2 1 2 1 2 2 1 2 3 1 2 3 2 2 1 2 0 0 0 3 4 0 3 1 3 2 2 3 1 1 2 0 1 0 1 3 2 4 1 2 5 4 3 3 6 2 1 1 2 2 3 3 1 3 2 3 4 1 2 1 2 0 3 1 3 1 2 5 3 1 2 1 2 4 3 2 1 4 3 3 1 1 1 2 3 2 4 2 2 2 2 1 1 1 0 2 3 3 2 0 3 2 3 1 0 4 2 1 3 2 1 3 0 4 1 3 3 0 0 3 3 0 1 4 3 2 2 2 0 0 4 1 5 2 3 2 1 3 2 2 3 2 3 2 3 1 2 1 1 3 2 2 4 3 1 2 1 4 2 1 1 4 2 1 1 3 2 2 2 2 4 2 3 1 4 3 1 3 3 3 1 3 1 2 2 3 2 4 0 3 2 2 0 1 2 2 3 1 2 3 4 2 0 4 3 2 1 3 0 0 3 2 2 3 1 3 3 2 2 4 3 0 2 2 4 0 2 0 1 2 0 2 3 2 2 4 4 3 4 1 1 2 2 2 2 3 0 1 0 1 1 1 3 4 1 1 2 3 3 4 3 0 2 2 0 1 1 1 2 3 2 5 3 2 3 4 1 1 2 1 3 0 0 3 2 1 3 1 4 0 1 4 1 2 1 3 1 3 2 2 0 2 2 1 1 2 1 1 0 3 0 0 2 2 3 4 1 1 3 2 2 1 1 5 2 2 3 2 2 1 4 2 3 2 0 1 1 2 2 2 1 2 2 2 4 2 2 0 2 2 0 3 4 1 1 0 1 5 4 4 6 2 2 0 3 3 2 0 2 0 2 2 2 2 2 2 1 1 1 1 3 2 1 1 0 2 2 2 4 2 1 3 2 2 2 2 2 2 4 4 4 4 2 3 3 1 2 1 3 3 2 2 1 4 3 5 2 
2 4 1 3 0 0 4 2 1 1 0 1 2 1 2 0 5 3 4 4 2 3 4 2 3 4 0 1 5 1 4 2 1 2 1 3 0 1 5 3 3 5 1 0 4 1 0 3 1 0 1 2 2 4 1 3 3 3 0 5 2 1 3 5 0 2 2 1 1 2 1 0 3 2 2 0 5 3 0 0 0 3 4 2 1 4 1 7 3 3 1 4 1 0 1 1 2 0 1 1 2 2 0 0 1 2 4 2 0 0 3 2 3 0 2 2 4 3 6 1 4 0 0 1 5 1 1 0 1 3 1 0 3 3 1 5 5 1 0 3 0 4 3 6 1 0 2 0 1 1 1 1 0 3 3 5 0 1 2 0 2 0 5 2 1 2 4 4 3 1 5 2 3 5 1 4 4 0 0 2 5 3 1 6 3 6 2 3 1 2 0 3 3 2 2 1 2 2 1 4 3 1 2 0 0 2 3 0 3 2 4 3 3 1 3 5 4 3 2 2 0 2 4 2 5 3 3 6 2 4 3 0 4 5 1 0 1 4 0 5 4 1 0 2 3 2 3 2 4 0 5 1 7 3 3 1 3 0 3 2 1 4 4 2 1 2 1 8 1 2 3 7 2 2 1 5 3 3 1 3 1 2 0 4 0 1 3 2 3 1 5 0 1 1 0 1 0 0 7 2 0 0 0 1 2 3 4 3 4 1 2 3 3 4 2 0 1 2 0 0 0 3 1 4 0 0 3 1 3 0 3 0 1 1 6 2 3 0 2 5 0 4 0 2 0 2 2 4 1 0 1 0 3 1 2 1 1 4 0 0 2 5 1 3 2 2 3 0 0 1 2 2 3 0 2 1 2 1 5 4 0 0 5 2 3 1 5 0 2 4 1 3 0 3 1 2 2 2 2 1 5 1 5 4 0 1 4 0 2 4 2 0 2 1 4 0 4 6 0 3 0 4 5 1 1 1 5 7 1 4 1 0 0 0 4 0 2 0 0 0 2 2 2 3 2 1 2 0 3 2 0 2 4 2 4 6 1 8 2 3 2 2 4 0 0 0 2 2 4 4 5 0 5 3 6 3 0 0 2 0 0 2 6 4 5 0 1 4 3 2 1 7 0 4 1 0 1 2 1 0 1 6 2 0 1 2 3 4 3 1 0 1 2 4 1 3 4 6 5 3 3 1 0 0 6 1 3 5 3 4 1 3 5 1 2 0 4 2 0 0 3 0 3 1 4 2 3 2 2 1 1 6 2 1 3 3 0 6 0 1 1 0 0 1 0 5 1 3 0 0 7 1 1 0 0 1 1 1 3 0 1 1 2 1 2 1 0 1 1 1 3 1 3 1 4 2 1 3 2 1 0 3 1 1 1 3 0 1 2 0 3 1 4 1 2 2 4 0 0 4 0 3 2 3 1 1 2 3 1 2 0 2 0 2 0 1 3 1 1 2 4 3 3 1 0 1 1 0 3 2 0 0 3 6 2 1 2 2 3 2 2 3 0 4 4 0 5 0 3 4 2 3 1 2 4 0 1 2 2 1 3 5 6 2 1 0 3 3 2 1 1 0 5 3 0 2 1 0 1 2 2 2 0 2 4 5 0 0 2 2 1 0 0 2 3 2 2 0 1 4 4 3 1 1 1 5 1 3 3 0 2 1 2 0 3 3 14 2 6 3 1 4 0 4 2 0 1 3 1 4 1 2 3 1 0 1 4 2 0 3 1 2 5 4 0 2 0 5 2 3 0 1 1 3 1 1 2 1 3 2 1 1 2 4 7 3 3 0 0 1 1 2 0 2 1 2 2 0 4 0 0 4 4 0 0 3 1 7 0 7 0 2 3 1 0 1 4 0 2 6 2 2 2 3 3 2 5 1 0 3 1 1 2 0 2 3 3 4 2 2 1 8 1 3 4 3 2 1 0 2 3 8 5 3 4 6 1 3 5 0 3 6 4 2 2 0 1 5 2 1 5 3 2 2 4 5 2 1 2 3 2 1 3 1 0 2 0 3 7 4 1 0 0 0 1 2 4 5 4 9 1 2 1 2 1 1 4 4 0 3 4 1 3 4 2 4 0 0 3 2 3 1 4 2 1 5 2 2 2 2 5 0 1 1 5 6 0 0 1 6 3 3 0 1 1 0 0 1 0 1 1 3 2 0 0 1 1 1 5 6 5 2 3 2 4 3 4 0 2 2 0 4 0 2 4 0 1 1 0 4 5 2 4 0 6 0 3 0 3 2 2 6 6 2 0 1 2 3 2 1 
3 0 0 2 3 1 3 0 3 6 0 3 1 3 0 2 0 4 3 1 2 0 2 1 6 3 6 3 2 3 0 0 0 4 3 5 2 2 3 1 0 0 2 2 1 5 0 3 1 0 2 8 0 1 6 1 0 3 1 2 5 4 2 2 5 6 0 0 0 3 5 2 1 0 2 0 1 1 0 2 0 5 8 0 2 3 1 5 1 0 1 4 2 4 0 0 2 1 2 3 8 2 0 1 1 1 3 2 1 0 0 2 0 4 1 0 0 9 4 0 0 6 0 4 0 2 2 0 4 0 0 6 1 2 2 2 1 3 3 3 0 5 3 3 2 1 0 3 1 5 5 3 2 2 5 1 5 2 1 3 4 0 1 5 1 2 0 1 3 1 2 4 1 1 2 3 2 3 3 2 2 1 6 3 2 3 0 0 6 3 1 1 3 1 0 1 2 3 0 2 4 1 2 3 5 4 3 0 5 2 4 3 0 3 3 6 0 4 5 1 2 5 0 2 4 4 3 0 2 2 1 3 5 1 0 2 1 1 4 2 2 2 0 3 3 0 1 2 1 3 3 0 0 4 2 1 1 4 1 4 4 5 1 0 2 4 2 6 3 3 1 0 5 0 3 4 5 0 1 3 5 0 2 2 0 3 1 7 1 4 2 0 3 5 3 0 5 0 3 4 6 2 0 0 2 2 1 4 0 1 1 3 7 3 2 0 2 6 2 1 1 3 4 5 0 5 1 3 2 2 4 6 0 2 5 1 2 3 2 2 1 1 3 1 3 3 3 4 7 1 0 0 4 2 4 0 4 1 0 3 1 0 5 2 2 1 3 4 6 6 2 4 1 1 2 2 3 0 1 3 5 1 8 1 1 0 0 0 0 0 1 1 6 3 2 3 0 3 4 4 1 6 2 3 2 2 6 1 4 2 2 1 3 4 5 2 1 2 0 5 2 3 6 4 6 2 0 3 4 0 1 2 1 1 2 8 3 4 4 6 0 2 5 0 4 1 2 1 6 5 7 1 3 2 2 3 2 3 1 2 3 1 0 3 5 3 4 4 2 1 0 1 7 2 0 3 0 2 0 5 4 1 0 0 0 1 3 0 2 4 4 3 2 0 1 5 1 3 7 3 2 3 0 3 5 0 2 3 5 2 4 3 1 0 1 0 2 2 1 1 1 5 0 3 2 5 2 0 3 1 1 1 4 2 4 4 1 0 2 4 1 3 2 2 4 2 7 0 0 3 0 7 3 0 3 1 0 0 6 0 1 1 6 3 3 2 0 5 0 2 2 3 0 1 5 2 0 5 7 2 3 4 3 1 2 0 4 1 0 2 1 4 2 3 1 1 1 2 4 0 4 0 0 1 0 1 1 2 1 0 0 1 0 1 1 4 1 3 2 1 1 2 2 4 2 1 3 1 0 0 7 2 1 4 0 0 0 4 1 3 2 1 8 3 5 2 4 4 4 2 1 3 2 0 2 2 2 2 3 2 1 1 1 0 0 0 5 3 3 6 3 6 4 1 0 3 2 5 5 5 4 0 1 0 2 1 1 5 5 0 0 0 2 1 4 0 3 3 3 3 1 0 7 1 3 2 5 5 5 2 1 1 1 0 2 2 2 4 1 4 4 2 2 1 1 1 5 3 1 1 4 2 3 4 1 0 2 1 0 4 3 4 2 0 9 3 5 1 2 5 4 1 0 2 0 6 1 0 1 2 2 4 1 3 1 1 1 4 4 2 3 3 3 1 0 0 2 4 3 7 3 1 1 1 2 1 2 0 0 0 0 2 4 0 1 2 0 2 1 1 4 2 3 4 2 4 2 4 3 1 0 4 1 1 1 5 1 1 2 3 2 6 0 5 1 7 1 3 3 1 1 4 2 1 4 6 5 3 3 0 5 1 3 1 4 0 2 1 3 1 4 3 2 0 2 0 3 3 2 1 3 2 3 0 4 0 3 3 6 3 2 6 0 0 0 2 0 4 0 4 0 2 0 1 2 2 4 1 2 2 1 1 1 1 2 1 4 6 2 4 6 2 2 1 1 2 4 0 5 7 3 3 3 4 7 0 0 4 2 0 2 0 3 4 2 1 4 0 1 1 1 2 7 5 0 1 4 4 4 8 3 0 0 2 1 0 1 4 3 0 0 2 1 1 0 0 5 1 2 4 2 0 0 0 2 6 5 3 0 2 1 0 4 5 3 3 1 0 5 1 3 6 4 0 1 3 3 1 5 0 2 2 4 5 3 2 2 3 1 1 
