5
50
2
0.6
3.1012 4.0034 4.0039 4.0197 3.0954 
15
0 1 2 3 4 5 6 7 8 9 10 11 12 13 14 
0.055443	0.122046	0.195942	0.229437	0.195942	0.122046	0.055443	0.018370	0.004439	0.000782	0.000101	0.000009	0.000001	0.000000	0.000000	
0.005582	0.030914	0.104979	0.218611	0.279165	0.218611	0.104979	0.030914	0.005582	0.000618	0.000042	0.000002	0.000000	0.000000	0.000000	
0.006129	0.032386	0.106355	0.217069	0.275346	0.217069	0.106355	0.032386	0.006129	0.000721	0.000053	0.000002	0.000000	0.000000	0.000000	
0.015184	0.050259	0.118174	0.197381	0.234189	0.197381	0.118174	0.050259	0.015184	0.003259	0.000497	0.000054	0.000004	0.000000	0.000000	
0.054213	0.121510	0.197204	0.231749	0.197204	0.121510	0.054213	0.017514	0.004097	0.000694	0.000085	0.000008	0.000000	0.000000	0.000000	
1000
6 1 4 1 0 3 0 5 1 4 1 3 2 0 2 1 3 2 7 0 2 0 0 2 1 1 1 5 1 2 3 2 1 5 6 2 0 4 2 2 5 0 1 6 5 2 0 4 0 1 1 6 3 2 0 2 2 3 0 2 4 6 1 4 1 0 5 4 2 0 2 3 3 4 4 0 2 2 2 2 2 3 0 0 3 4 0 0 2 4 2 3 2 3 4 1 5 0 2 1 6 1 2 3 3 2 0 2 0 4 3 2 2 0 0 1 4 5 1 0 2 0 1 1 3 2 0 1 1 0 2 2 3 1 1 2 4 0 2 3 3 2 1 3 0 1 3 0 1 5 2 0 4 3 4 1 3 1 0 2 4 0 0 1 3 1 9 0 0 3 3 4 3 4 0 4 2 4 4 0 2 3 1 2 2 1 3 0 2 0 1 4 5 1 6 3 1 5 1 2 1 1 6 1 3 1 0 3 1 4 0 2 1 1 1 4 0 2 5 5 3 1 3 1 0 3 2 0 3 2 0 0 1 0 1 1 3 3 2 5 0 1 1 4 4 2 2 4 4 7 2 0 2 1 0 4 5 4 1 2 1 5 0 6 2 1 3 0 4 0 0 0 2 3 2 4 3 4 0 1 1 2 7 3 0 2 1 2 1 0 1 7 2 7 5 2 1 6 3 5 3 2 1 3 0 1 5 3 2 2 1 2 2 8 0 3 1 2 5 1 3 2 6 3 0 4 1 1 0 2 1 0 2 5 0 5 5 4 3 4 2 4 3 1 0 0 2 3 2 4 2 2 3 0 3 4 5 1 4 2 2 4 1 0 4 1 7 5 0 0 3 4 6 5 4 0 3 0 4 4 3 3 5 0 0 1 3 0 2 8 2 2 4 1 0 4 3 1 0 6 0 0 1 0 2 1 3 4 1 5 2 0 0 0 2 5 5 1 5 4 2 0 6 3 2 0 1 0 4 5 4 0 4 3 2 1 6 1 4 6 2 2 5 0 4 1 1 5 8 1 3 3 1 0 0 3 0 1 2 4 6 3 2 2 1 0 0 4 1 3 1 2 3 3 1 0 0 0 2 1 1 3 3 8 2 0 7 3 3 0 1 3 0 2 0 1 1 0 1 2 4 4 4 1 1 5 0 2 4 2 1 0 7 4 1 3 0 5 5 3 3 4 2 0 2 3 6 5 1 1 4 4 2 3 3 2 1 2 1 2 1 2 2 1 3 3 1 0 0 2 4 1 3 5 0 2 3 6 2 1 3 1 0 1 2 2 0 0 0 2 1 0 3 2 2 3 1 1 2 2 0 2 0 1 0 1 2 6 7 1 4 4 2 0 5 4 1 3 2 4 4 4 1 7 0 0 3 2 0 0 0 0 2 4 3 2 1 4 5 3 4 7 2 0 3 3 2 0 1 1 4 1 3 3 5 5 4 2 5 3 2 2 1 2 5 1 1 2 2 1 0 3 1 3 0 3 1 2 2 2 1 3 5 0 1 4 0 1 3 1 0 4 0 0 3 8 1 4 4 2 1 4 7 2 1 2 0 2 1 0 1 1 3 1 1 4 2 3 2 1 3 1 3 0 3 1 3 6 0 4 4 0 3 5 0 0 1 5 0 3 3 6 6 2 5 0 0 3 3 4 1 5 0 1 0 3 0 2 1 1 2 3 1 1 1 0 2 1 1 0 2 4 2 2 7 1 3 9 2 2 1 0 4 3 1 3 6 3 8 0 4 3 2 4 6 4 3 4 1 0 4 2 3 3 3 1 4 0 2 2 1 3 4 0 3 5 5 6 4 6 1 2 5 5 1 5 1 3 1 4 2 3 3 1 3 1 2 3 1 2 0 3 3 2 1 2 2 4 5 1 2 2 2 1 3 1 3 0 4 1 0 0 0 3 0 6 6 6 5 3 2 4 0 3 6 3 1 2 1 0 2 1 2 2 0 0 2 0 1 1 3 3 0 2 0 1 0 2 2 3 1 1 0 2 4 1 0 2 0 5 1 7 0 2 4 6 1 0 0 0 3 1 0 5 1 0 4 1 3 2 3 2 3 3 2 2 1 3 2 1 4 0 5 7 3 2 0 2 4 3 2 0 0 1 4 0 5 1 1 3 2 3 0 0 0 5 2 0 5 1 2 2 1 2 1 3 2 2 2 0 6 1 3 6 1 2 5 1 2 3 0 1 1 0 0 2 2 0 5 1 3 1 0 0 0 0 1 0 4 1 3 0 0 3 1 4 1 1 1 1 
7 2 3 4 6 6 3 6 0 0 1 0 2 7 4 0 4 5 2 5 8 3 3 2 4 1 2 2 2 1 4 3 3 2 2 4 4 5 4 5 9 1 3 7 3 2 6 5 3 6 5 1 5 3 2 2 1 7 6 5 2 7 1 4 4 10 3 2 7 1 3 3 0 3 2 1 5 7 4 4 3 1 3 1 7 4 2 0 4 3 2 2 2 2 5 5 3 3 5 4 6 3 3 4 3 6 1 4 1 3 2 6 2 2 1 2 1 1 3 3 7 5 0 5 2 7 3 1 0 4 3 7 2 8 3 6 1 5 5 0 3 7 4 9 5 4 3 2 3 4 4 5 6 9 4 4 3 5 4 1 0 1 2 1 2 3 2 4 5 5 7 5 1 6 3 7 9 4 3 2 4 7 0 1 1 1 2 4 3 6 4 3 3 6 1 3 5 1 2 1 2 2 2 6 2 14 7 7 5 5 3 8 1 1 3 1 1 4 3 1 4 2 2 8 5 1 2 3 4 4 5 3 4 4 2 5 3 4 5 1 5 3 4 5 3 5 6 0 3 4 7 3 0 2 3 2 5 5 3 1 3 4 4 5 6 5 0 0 2 7 4 3 3 3 3 2 2 7 6 2 1 8 3 4 4 8 5 6 1 1 4 6 4 0 4 2 4 1 3 3 8 2 3 4 8 3 1 1 4 3 0 2 0 3 6 6 4 3 5 3 7 2 2 5 0 7 2 7 2 1 2 7 8 4 5 6 2 4 4 6 6 3 6 0 4 4 2 5 5 6 1 3 7 4 2 3 2 2 3 4 1 2 2 6 0 4 0 2 0 3 2 4 4 5 6 2 5 9 2 3 3 4 5 3 5 2 0 1 2 6 1 5 5 3 2 6 4 0 6 5 4 4 3 0 1 1 4 5 4 5 2 0 3 4 0 1 4 6 0 2 2 1 2 6 4 1 4 3 2 7 3 4 4 3 3 2 3 1 0 2 4 3 4 3 3 4 6 1 11 7 6 8 3 3 1 4 6 7 7 6 1 3 1 5 5 1 4 5 4 2 7 5 3 1 3 2 0 1 1 4 1 0 3 4 4 5 6 3 7 3 5 4 4 0 2 1 6 1 5 2 0 3 2 2 3 8 3 7 4 2 5 5 2 2 3 1 2 1 0 10 5 0 3 1 0 3 4 4 3 3 8 4 1 2 4 8 4 4 5 3 5 3 4 2 0 3 5 2 1 6 3 2 3 3 3 1 5 5 1 2 2 3 5 1 0 3 6 2 1 3 8 1 3 4 3 2 2 6 4 2 1 0 4 3 4 4 6 8 5 0 4 0 3 0 2 1 5 5 6 1 1 7 2 4 2 7 1 4 4 5 2 7 1 3 4 3 6 4 2 5 6 5 4 1 5 1 6 2 5 6 9 2 4 1 5 3 0 4 2 3 4 6 1 0 7 2 5 5 0 4 2 3 1 6 7 3 4 0 8 6 5 4 2 5 2 4 6 3 2 3 5 2 6 1 0 3 4 0 6 1 6 5 2 4 2 2 3 6 0 3 8 3 6 2 5 3 3 2 4 3 0 2 3 6 4 0 0 5 2 3 10 2 6 2 4 0 1 5 0 4 4 3 2 6 8 3 2 5 1 3 8 2 3 0 2 5 4 8 2 4 0 4 5 6 4 4 3 2 2 5 5 7 6 1 5 3 6 6 4 4 1 6 3 4 3 2 6 1 0 1 1 2 3 5 5 5 1 2 0 8 1 2 2 7 2 3 1 0 2 3 5 0 2 5 4 2 3 4 3 4 4 7 5 3 5 1 0 1 4 2 5 2 5 5 1 4 4 4 2 1 3 3 3 1 6 0 0 3 8 2 0 3 4 4 1 6 0 4 2 0 1 3 2 6 1 7 5 1 6 0 1 3 3 3 3 5 2 1 5 3 7 4 5 5 1 3 9 1 6 2 1 6 4 4 0 1 0 4 5 1 0 2 2 4 3 5 2 2 4 3 4 4 2 4 3 6 3 8 0 4 5 9 0 5 1 5 0 5 1 3 0 5 6 4 4 5 4 1 5 3 6 4 1 2 0 6 6 4 5 2 2 0 1 2 2 3 3 7 1 9 4 0 2 5 7 5 7 6 0 1 2 2 2 4 5 2 6 4 4 4 5 1 3 7 7 6 5 1 1 2 1 1 3 0 3 3 4 2 3 5 3 5 0 3 6 6 3 0 4 5 0 4 4 5 3 1 5 0 6 2 
2 8 3 4 5 2 2 2 1 4 4 3 0 2 4 2 2 5 4 3 3 1 4 3 4 5 1 4 1 1 1 4 9 3 1 3 2 2 4 1 4 4 4 1 5 3 1 3 3 3 6 3 5 6 1 4 3 7 4 4 5 6 5 1 5 2 1 4 1 2 7 6 6 5 2 3 1 1 3 4 1 2 5 5 7 1 3 5 5 2 3 4 1 4 3 4 3 1 4 3 3 1 1 4 3 1 7 3 3 5 3 4 2 1 2 3 2 5 7 4 2 6 3 3 1 2 3 1 0 3 0 7 2 2 6 2 2 3 1 1 6 4 2 3 1 2 0 5 0 3 3 3 3 3 2 6 4 7 4 5 5 0 1 3 4 4 6 6 2 0 2 6 5 5 3 5 1 1 2 2 1 2 4 0 4 5 2 1 0 3 3 4 1 0 4 0 7 5 0 1 1 7 4 1 2 2 3 1 3 6 6 3 2 2 5 1 5 0 4 9 8 5 5 4 7 7 5 3 2 2 3 4 1 3 6 4 6 6 6 1 2 5 2 5 2 2 0 5 8 4 1 2 7 2 2 0 3 5 2 3 6 3 1 7 2 4 3 4 4 4 1 0 3 2 4 3 1 5 3 5 2 5 6 3 4 4 0 8 0 1 6 5 1 1 3 1 14 3 6 7 3 3 2 0 3 3 5 2 4 2 3 8 3 4 5 1 2 1 3 3 7 7 5 5 2 3 2 7 3 3 2 5 6 0 5 6 4 3 3 4 3 0 3 6 5 0 1 3 2 8 0 6 4 3 3 2 1 2 4 3 1 7 5 5 0 6 5 6 2 3 5 6 1 3 2 5 4 5 2 4 5 0 4 2 5 2 7 8 1 4 6 7 4 4 3 3 2 3 2 4 4 0 1 2 3 0 4 5 1 3 5 4 8 2 3 4 8 3 2 6 5 0 2 2 3 3 5 2 5 0 1 5 4 2 4 6 0 3 2 3 6 3 6 3 4 4 3 3 5 3 2 3 3 4 3 6 0 7 3 3 4 5 4 5 1 4 2 2 0 2 3 1 0 0 2 1 3 2 0 1 5 0 3 4 4 2 2 2 2 4 1 5 0 2 4 3 2 6 4 2 4 6 5 5 1 4 5 4 1 2 3 0 4 6 1 6 1 4 3 1 0 7 4 5 2 4 4 3 7 0 4 4 0 6 0 3 2 2 5 7 3 5 9 3 1 2 5 6 2 6 2 5 4 6 4 1 3 3 5 1 0 1 2 7 4 5 1 2 2 2 2 4 3 2 5 3 3 0 3 4 6 1 3 6 0 1 4 1 7 6 4 9 5 7 4 6 1 2 3 6 5 6 4 2 4 1 4 4 3 2 6 0 2 3 5 2 0 0 2 4 7 4 2 1 4 2 4 2 5 2 6 8 2 1 4 7 4 5 2 1 2 5 3 3 2 4 2 5 0 3 0 5 1 5 3 3 2 3 7 4 4 2 1 5 5 3 7 1 4 5 2 2 3 3 3 1 3 6 5 2 7 1 3 0 3 0 2 3 1 1 6 2 0 1 3 6 6 5 5 2 3 6 4 5 4 4 2 7 2 0 3 1 2 4 0 4 4 7 4 4 8 0 4 4 3 4 0 5 4 0 2 2 4 3 4 0 6 1 1 4 8 2 3 1 3 1 4 6 1 2 2 5 3 3 2 3 6 6 3 4 5 4 2 4 2 2 6 4 2 4 0 0 5 3 5 4 3 4 6 4 6 3 4 1 2 3 0 1 2 0 3 3 2 1 1 3 5 5 8 4 5 3 2 6 7 3 0 0 6 2 0 4 2 5 5 4 4 6 4 3 2 2 3 3 2 3 4 2 3 5 3 4 5 1 2 1 3 1 1 5 1 5 1 0 8 2 4 3 0 3 3 0 1 6 2 6 4 4 3 4 2 3 5 4 5 4 3 1 5 6 4 2 5 3 0 1 5 4 5 3 9 3 1 4 5 2 5 3 4 4 1 4 5 4 4 4 8 2 2 7 3 10 2 3 5 2 5 4 2 5 3 4 1 2 4 4 1 4 0 5 3 3 1 2 3 4 0 5 3 1 5 3 5 8 2 6 1 4 2 2 2 6 5 3 0 4 5 7 1 7 4 4 2 4 5 5 4 6 2 4 3 4 6 2 3 3 1 1 2 2 0 3 2 0 1 3 1 1 0 1 5 2 3 0 2 5 6 6 3 3 1 3 6 6 3 4 1 5 5 1 
2 2 2 1 3 2 6 2 4 1 4 7 8 1 8 1 5 4 7 0 7 3 0 2 4 3 6 1 3 2 1 0 0 4 0 2 3 2 6 1 1 4 6 1 4 4 0 0 3 1 0 0 8 5 5 5 1 1 3 5 0 3 0 6 6 4 2 0 4 3 5 1 4 2 2 5 5 6 0 2 1 2 3 4 3 3 3 2 2 4 2 2 1 3 3 5 1 5 0 1 1 1 1 4 2 4 4 10 2 2 6 3 3 4 0 0 4 2 2 0 3 6 0 0 4 2 7 3 1 4 2 4 3 0 3 0 6 1 5 1 0 6 2 4 2 7 3 2 2 1 1 7 7 5 2 4 0 0 2 5 3 0 6 4 4 5 1 2 2 5 7 3 2 1 0 1 6 0 0 3 4 2 1 3 4 2 5 1 4 3 0 3 5 0 5 1 4 2 2 6 0 3 5 4 6 1 5 4 2 0 5 4 1 4 5 3 4 3 1 1 1 4 1 0 1 3 7 4 2 2 1 5 7 3 3 1 2 6 2 1 1 1 3 3 5 2 8 1 3 8 8 7 1 4 2 0 8 0 1 0 5 1 1 1 7 1 4 1 0 7 3 2 7 2 2 6 1 9 0 2 2 2 4 3 0 5 6 1 2 1 2 1 7 2 2 8 7 7 1 3 4 3 2 1 3 3 1 2 3 2 4 5 2 3 1 8 0 3 9 1 0 1 0 3 0 5 5 6 2 4 1 2 6 1 1 4 1 0 0 3 0 2 4 6 0 4 9 3 3 3 0 10 4 1 3 1 0 2 2 0 0 3 4 3 4 5 5 2 6 7 4 5 1 7 5 2 0 6 5 1 4 3 2 3 2 4 1 1 7 2 1 5 1 4 1 2 7 0 2 1 5 6 5 3 6 7 1 2 2 3 0 2 4 2 4 2 1 1 4 2 6 5 5 4 1 1 0 5 3 0 4 0 1 2 2 0 3 0 4 1 3 5 2 2 4 1 2 0 3 3 2 6 5 1 2 8 7 5 6 4 5 5 2 1 1 4 1 6 8 0 3 5 9 2 5 1 3 2 1 2 3 5 2 0 1 0 2 0 4 2 3 4 6 3 4 3 3 3 3 1 6 0 5 2 5 1 5 4 6 4 3 3 2 4 2 2 3 5 4 3 4 2 3 4 1 1 4 0 2 4 2 3 0 2 3 5 5 2 4 0 0 0 6 3 3 1 6 0 6 7 2 3 4 0 5 4 0 1 4 0 2 1 1 7 0 1 0 8 2 3 3 2 5 4 1 7 4 2 3 3 7 2 1 4 8 1 2 4 6 0 4 6 2 3 5 1 1 1 4 1 3 4 1 6 5 5 3 1 0 0 2 5 4 3 0 4 5 1 5 3 3 2 0 5 3 0 4 8 2 2 3 0 1 6 2 0 8 2 1 6 3 1 5 4 2 1 0 2 0 4 1 5 0 1 0 1 6 5 1 2 3 3 5 1 5 5 2 3 3 1 0 0 4 0 5 0 2 5 6 6 0 1 3 0 2 3 3 0 6 3 1 4 1 4 3 2 5 3 0 3 4 1 0 5 4 2 3 6 4 2 0 1 2 3 2 4 7 3 3 1 3 6 3 3 0 4 4 0 1 6 0 6 4 0 4 2 1 6 4 3 6 3 3 5 2 2 0 3 1 5 2 2 4 2 3 0 5 3 5 4 2 5 0 2 5 6 4 3 3 1 4 3 1 3 3 9 5 2 1 5 1 7 2 2 4 7 7 6 2 2 1 3 4 9 5 3 0 2 3 1 2 1 4 0 3 2 5 3 1 1 6 1 3 1 2 6 2 3 4 2 2 0 0 6 4 5 4 5 4 2 1 4 2 2 2 1 0 1 1 4 4 3 0 8 2 2 1 2 4 0 0 2 3 2 4 8 4 3 2 3 2 4 2 1 4 5 3 9 0 4 3 3 3 8 1 2 4 2 3 11 5 0 3 1 0 5 4 5 4 3 4 1 2 2 1 7 6 4 3 4 2 3 2 2 2 0 3 8 7 0 5 1 3 0 5 1 0 2 5 1 0 2 4 7 7 9 5 5 0 2 1 6 1 3 5 2 3 4 0 5 5 1 4 3 0 0 6 0 6 1 1 6 3 3 0 2 3 6 0 6 5 3 4 1 3 4 5 3 0 3 0 4 0 3 3 3 7 0 10 0 1 3 2 4 3 6 7 1 1 2 4 3 3 0 2 4 1 1 0 6 
4 4 4 3 5 3 4 3 2 2 1 2 2 3 3 2 5 1 4 1 2 3 3 3 7 4 3 7 1 0 1 0 5 4 4 0 0 3 4 1 2 5 1 3 2 0 7 3 2 1 1 4 2 3 1 5 2 2 8 6 8 4 0 2 0 4 0 4 2 6 4 6 0 1 2 5 5 5 7 1 9 1 6 5 5 1 3 4 2 4 1 5 6 0 6 3 1 4 6 3 4 4 3 2 0 1 1 3 1 3 5 3 2 1 1 0 1 4 4 2 3 2 2 4 5 0 3 5 4 2 3 2 2 3 3 5 2 8 3 1 5 2 4 3 2 2 1 4 0 3 3 3 2 4 1 5 3 6 6 2 3 8 1 3 1 0 2 0 2 2 1 4 2 5 4 4 2 2 0 4 0 4 3 6 5 3 0 2 3 6 5 4 3 4 4 2 4 1 2 1 3 2 3 6 0 1 4 2 1 3 4 6 5 3 1 1 3 3 4 2 4 0 0 5 4 6 3 4 4 1 1 3 1 4 2 2 4 4 4 5 4 6 5 4 5 9 4 1 7 3 3 0 3 3 3 3 4 2 2 2 1 4 3 4 0 5 2 1 8 1 1 1 5 2 2 6 1 4 2 3 8 8 2 2 5 1 8 3 0 1 5 4 3 2 1 4 7 4 2 0 9 5 3 7 3 5 0 5 3 3 3 6 0 4 0 3 7 2 5 6 1 4 3 4 4 0 4 4 4 6 5 4 5 1 3 6 4 7 3 5 4 7 5 6 5 0 2 2 6 0 1 2 7 0 2 4 2 4 1 3 4 5 4 6 4 0 3 3 6 3 1 3 1 3 6 3 4 3 3 6 4 2 0 4 1 0 3 3 5 0 3 2 1 6 2 4 1 6 3 4 0 2 2 3 3 2 3 4 1 4 3 1 2 3 6 3 3 3 0 2 2 4 2 3 3 2 4 4 2 3 4 1 2 3 0 5 5 5 4 5 2 6 3 1 5 3 6 1 5 2 4 5 0 2 2 7 3 3 1 5 2 7 1 2 1 4 4 3 2 1 3 4 0 4 2 5 3 4 2 2 4 3 5 3 3 1 5 3 0 2 5 7 2 4 2 3 4 2 5 5 5 4 6 4 1 6 6 2 2 2 4 2 3 3 2 5 6 3 1 1 3 5 4 5 5 0 1 1 3 3 0 5 6 3 6 4 1 4 2 6 2 5 4 3 2 3 2 4 3 0 7 3 3 2 3 4 3 6 1 2 3 4 1 2 8 2 3 1 4 4 2 0 4 4 4 3 3 4 2 3 2 3 3 3 0 2 2 5 4 5 4 4 5 3 0 3 2 5 5 4 0 2 3 4 5 2 2 2 3 5 1 3 1 1 7 5 5 4 4 3 6 0 6 0 2 3 3 2 6 8 4 4 1 6 3 5 1 3 5 2 6 5 1 4 2 2 6 5 5 5 1 7 3 4 1 0 3 5 4 6 3 6 1 0 3 3 5 2 2 6 1 1 6 2 3 4 3 2 6 2 6 6 5 4 0 3 3 5 3 5 4 7 0 2 6 5 6 3 3 2 5 1 2 3 4 1 1 1 4 2 3 3 1 5 3 4 4 2 6 4 2 4 4 0 5 1 4 2 4 3 2 3 0 5 4 5 1 2 6 4 6 5 2 0 3 6 2 5 3 1 5 3 2 5 4 6 2 3 7 4 4 1 5 3 3 6 3 7 4 5 1 4 0 1 0 2 1 3 5 3 5 3 2 2 5 6 2 6 2 1 5 6 4 2 1 7 7 7 5 0 3 2 5 2 4 2 4 4 6 4 5 4 5 4 2 5 3 1 5 8 7 3 7 4 2 3 5 5 7 0 3 2 2 7 2 6 2 8 4 3 4 1 3 3 3 2 1 3 1 0 6 3 1 7 3 3 3 5 0 2 1 1 2 0 2 1 2 7 2 1 4 4 4 4 2 5 3 4 4 5 3 3 3 4 5 4 4 1 3 0 5 2 0 5 7 4 2 2 6 2 5 3 4 5 2 3 2 1 3 5 1 5 3 1 2 5 4 0 5 1 3 2 1 5 1 3 1 4 4 3 2 4 3 3 7 7 4 3 1 4 7 1 2 0 4 0 6 1 1 3 2 5 2 2 4 0 2 1 6 5 5 4 2 1 3 1 3 2 1 2 5 4 3 4 4 6 3 5 4 5 2 4 1 2 3 0 6 3 6 5 2 2 1 4 4 5 5 3 4 6 
